== WHITE LED ==
0   279.6
1   297.6
2   317.7
3   346.7
4   374.8
5   403.2
6   432.2
7   462.6
8   490.9
9   519.0
10  546.8
11  578.2
12  610.5
13  638.4
14  670.0
15  698.3
16  727.0
17  756.4
18  787.5
19  815.1
20  846.3

== RED LED ==
1   272.7
2   283.7
3   294.0
4   302.9
5   312.8
10  363.2
15  416.6
20  469.1
25  519.5
30  572.2
35  624.5
40  674.0

== GREEN LED ==
1   271.8
2   282.5
3   292.4
4   302.3
5   312.3
10  362.5
15  416.3
20  468.4
25  518.7
30  571.1
35  623.5
40  673.0

== BLUE LED ==
1   272.1
2   283.0
3   293.2
4   303.1
5   313.2
10  363.8
15  417.5
20  470.2
25  520.4
30  572.8
35  625.5
40  675.6
